250
16
63
189
194
184
203
163
234
74
211
145
249
21
79
218
126
254
2
10
40
135
253
6
24
87
228
93
236
69
201
168
227
96
239
58
179
211
143
250
18
68
199
172
222
111
250
17
66
195
181
208
151
245
37
127
254
2
10
38
130
254
3
11
45
149
247
30
107
248
26
95
238
61
187
198
174
219
123
254
3
14
55
174
220
120
253
5
22
80
219
121
253
4
19
71
205
158
238
59
182
206
156
240
52
167
229
91
234
75
211
143
250
18
69
201
168
228
95
237
63
190
191
189
194
185
202
166
230
88
230
88
230
88
231
86
227
96
239
58
179
211
143
250
18
66
196
178
212
139
251
12
46
150
245
35
120
253
5
21
79
217
126
254
2
10
39
132
253
4
16
62
188
196
179
211
144
249
19
73
208
152
244
39
133
253
4
19
70
204
162
235
73
207
153
244
41
139
252
11
43
145
249
21
79
218
125
254
2
10
41
137
252
8
33
116
252
9
37
127
254
2
10
38
130
254
3
12
47
153
244
41
138
252
9
36
125
254
2
11
42
140
251
12
48
155
242
49
157
239
56
176
216
129
254
2
11
42
140
251
13
51
164
233
79
218
125
254
2
11
42
141
251
14
56
174
219
122
253
4
16
61
185
201
167
228
93
236
69
202
166
230
88
230
86
228
94
237
66
196
180
210
146
248
25
91
234
76
212
140
251
12
47
153
244
41
138
252
10
39
133
253
5
19
73
208
151
245
36
123
254
3
13
51
165
232
82
222
113
251
15
56
175
217
127
254
2
10
38
130
254
3
11
45
148
247
29
104
246
33
117
252
9
35
122
253
4
15
59
181
208
152
244
40
134
253
5
23
84
225
104
246
33
116
252
10
40
135
253
6
23
85
227
98
241
50
161
236
69
201
169
227
98
240
52
167
229
91
234
75
212
141
251
14
55
172
222
114
251
12
49
157
239
56
176
216
129
254
2
10
41
138
252
9
37
126
254
2
10
39
134
253
5
20
74
210
145
249
22
81
221
116
252
10
38
131
254
3
14
53
168
227
97
240
55
172
222
112
250
16
60
183
205
159
237
63
191
191
190
191
189
193
185
201
168
228
95
237
63
190
193
186
199
173
221
116
252
9
37
127
254
2
10
38
130
254
2
11
44
147
248
27
96
239
58
178
212
140
251
12
46
151
245
35
123
254
3
14
55
172
223
111
250
18
67
197
178
213
138
252
9
37
126
254
2
10
39
133
253
4
18
68
199
174
220
119
253
6
24
88
230
87
229
91
234
75
211
143
250
18
67
198
176
217
127
254
2
10
38
130
254
3
12
45
149
246
31
110
250
19
71
204
160
237
66
196
180
210
147
248
26
96
239
59
182
207
154
243
44
147
248
26
94
237
65
193
185
202
167
229
90
233
79
218
125
254
2
11
43
144
249
19
72
206
157
240
54
170
226
102
244
40
135
253
6
24
88
230
88
230
88
230
89
231
85
226
101
243
44
145
249
22
80
220
119
253
6
24
87
229
90
232
80
219
121
253
4
17
65
194
184
204
162
234
73
209
149
246
32
111
250
17
65
193
185
202
166
230
89
231
84
225
102
244
38
131
254
3
14
53
168
227
97
240
55
173
220
117
252
8
31
111
250
19
70
203
163
234
76
214
137
252
8
31
110
249
20
74
211
144
249
20
76
214
136
253
7
30
105
247
30
107
248
26
95
238
62
188
196
179
211
143
250
17
65
195
182
206
156
241
52
165
231
85
226
100
243
44
146
248
25
91
234
75
212
142
250
16
61
185
202
166
230
89
231
83
224
108
248
25
91
234
75
212
142
250
16
60
183
205
158
239
59
181
208
152
244
40
136
253
7
27
97
240
55
172
223
111
250
18
68
199
172
222
112
250
16
60
183
205
159
238
60
184
203
164
233
79
219
123
254
3
14
54
170
225
105
246
32
112
251
15
58
180
210
146
248
24
88
230
89
231
84
225
104
245
35
120
253
5
20
76
213
137
252
9
35
121
253
4
18
67
198
174
219
122
253
4
16
59
182
206
156
241
52
166
230
88
230
88
230
88
229
90
232
82
222
114
251
12
48
156
241
50
162
235
72
207
153
243
42
141
251
15
56
175
218
125
254
2
10
41
137
252
8
33
117
252
8
33
115
252
11
43
143
250
18
70
202
166
231
86
227
96
239
57
178
214
136
253
7
29
104
246
34
118
253
7
27
97
240
55
174
220
118
253
7
27
97
239
56
175
217
127
254
2
10
38
130
254
2
11
44
147
248
27
96
239
58
179
211
143
250
19
70
203
163
234
76
213
137
252
8
33
115
252
11
43
144
249
20
74
210
146
248
23
86
228
95
238
63
189
193
186
200
170
224
105
246
31
108
248
23
86
228
96
238
59
182
206
156
241
52
166
230
89
232
82
222
111
250
17
64
192
189
194
183
205
158
239
59
181
209
149
246
32
112
251
15
58
179
212
142
250
15
59
181
208
152
244
40
136
252
8
31
109
249
23
83
224
106
247
29
104
245
35
122
253
4
16
62
188
195
181
208
152
244
40
135
253
6
23
85
226
101
243
43
143
250
18
69
202
167
229
90
233
79
217
126
254
2
10
39
133
253
4
19
71
205
160
237
63
191
190
191
190
192
188
195
182
207
154
243
44
146
248
24
86
228
94
237
65
194
184
202
165
231
85
226
101
243
43
142
250
17
63
190
193
187
198
174
219
122
254
3
14
56
175
218
123
254
3
13
52
165
231
83
224
107
248
26
96
239
59
181
208
151
245
37
126
254
2
10
38
131
254
3
13
49
158
239
58
180
210
146
248
24
88
230
89
232
83
224
108
248
24
87
228
93
236
68
200
170
225
104
246
33
116
252
9
36
123
254
3
13
49
159
238
61
187
198
174
219
120
253
5
20
74
210
147
248
26
94
237
65
193
185
202
167
229
91
234
76
213
139
252
10
41
138
252
9
38
129
254
2
11
42
141
251
14
54
170
226
102
244
39
133
253
5
20
73
208
150
245
34
119
253
6
25
90
232
81
221
117
252
9
35
122
253
4
17
64
191
190
192
187
197
177
215
133
253
4
17
65
194
183
204
161
235
70
203
164
232
82
221
114
251
12
47
154
242
47
153
243
42
141
251
13
51
164
232
81
221
116
252
9
36
126
254
2
10
40
134
253
5
23
84
225
105
246
32
112
250
16
61
187
198
175
219
123
254
3
14
53
168
227
96
239
58
178
213
139
252
11
43
144
249
20
74
210
146
248
25
91
233
77
214
135
253
6
25
92
235
71
205
160
237
64
192
188
195
181
208
151
245
37
127
254
2
10
38
130
254
3
12
45
150
246
34
117
252
8
33
115
251
11
45
148
247
30
105
247
30
107
248
25
92
235
72
207
155
242
47
154
242
45
149
246
32
111
250
17
64
192
188
195
182
207
154
242
47
152
244
41
138
252
9
36
123
254
3
13
50
161
236
68
200
172
223
110
250
19
71
204
161
236
68
199
172
221
114
251
12
47
155
242
48
156
240
53
168
228
94
237
65
194
183
204
160
237
65
194
185
202
166
230
87
229
92
235
73
208
151
245
37
126
254
2
10
39
134
253
5
20
74
209
148
247
28
101
243
42
140
251
13
49
158
239
59
182
207
154
242
46
150
245
35
120
253
5
20
76
213
138
252
9
37
127
254
2
10
38
130
254
3
11
45
148
247
28
100
243
44
147
248
26
94
237
65
195
182
206
156
241
52
165
231
83
224
106
247
28
102
244
39
134
253
5
21
78
216
130
254
3
12
48
157
239
56
175
218
125
254
2
11
43
142
250
16
63
189
193
186
200
170
225
104
245
35
121
253
4
18
68
199
173
220
118
253
7
27
99
241
49
159
238
61
185
201
168
228
94
237
63
191
190
191
189
193
185
200
170
225
102
244
39
132
253
4
15
59
181
209
149
246
31
111
250
19
70
203
164
233
79
218
125
254
2
10
40
136
253
7
30
107
247
27
98
241
52
165
232
83
223
110
249
20
75
212
140
251
13
49
158
238
60
183
206
157
239
56
175
218
125
254
2
10
41
138
252
10
39
133
253
4
19
71
205
159
238
60
184
202
166
231
86
227
97
239
56
176
216
129
254
2
10
40
137
252
8
31
111
250
17
66
196
180
211
144
249
21
77
214
135
253
6
24
89
232
82
223
111
250
19
70
202
165
232
82
223
110
249
20
73
209
150
246
34
117
252
8
31
111
250
18
68
200
170
225
104
245
34
119
253
6
24
89
232
82
223
111
250
18
69
201
169
226
99
242
48
156
241
51
162
234
74
210
146
248
25
91
234
75
212
141
251
14
55
173
221
117
252
8
33
115
252
11
43
145
249
21
77
215
133
253
4
18
66
196
178
212
140
251
12
47
155
242
48
155
241
49
160
237
64
193
187
198
174
219
121
253
4
19
70
203
163
233
77
215
132
253
4
16
60
185
202
166
231
86
228
96
239
59
182
207
155
242
48
156
241
51
163
233
77
215
134
253
5
20
74
210
146
248
25
91
233
77
214
135
253
6
25
90
232
81
220
118
253
7
28
99
242
47
154
243
44
146
248
25
90
233
79
218
125
254
2
11
43
144
250
19
71
204
161
236
67
198
175
218
124
254
3
11
45
148
247
29
105
246
31
110
250
19
71
205
159
238
61
185
201
167
229
92
234
73
209
149
246
32
113
251
14
55
173
220
118
253
7
30
105
246
31
109
249
22
81
221
116
252
9
37
128
254
2
10
38
131
254
3
13
49
158
239
58
180
209
147
247
27
98
241
50
161
235
70
203
165
232
82
222
113
251
14
56
174
219
122
254
3
15
56
176
216
129
254
2
11
43
145
249
21
78
216
130
254
3
12
47
153
243
43
143
250
18
68
200
171
224
107
247
27
98
240
53
167
228
94
236
67
197
177
215
133
253
5
19
72
206
156
240
53
168
227
98
240
53
168
227
96
239
59
180
209
148
247
30
106
247
29
103
245
37
127
254
2
10
38
130
254
2
11
44
147
247
27
97
240
54
171
224
107
248
25
92
235
71
205
160
237
64
192
187
197
178
213
138
252
9
38
129
254
2
10
41
137
252
8
34
118
253
7
27
98
241
51
164
232
80
219
120
253
5
21
79
218
125
254
2
10
41
137
252
8
34
118
253
7
30
106
247
29
105
246
31
110
250
19
71
205
158
238
59
182
206
156
240
53
168
228
95
238
63
189
194
184
204
162
234
73
209
150
246
33
117
252
9
35
122
254
3
15
58
179
212
140
251
12
48
156
240
53
167
228
93
236
67
197
176
216
130
254
3
12
47
154
242
46
152
244
39
132
253
4
16
61
185
201
167
229
92
235
72
206
156
240
53
168
228
94
236
66
196
179
211
142
250
16
62
188
195
182
207
154
243
44
147
248
25
92
235
71
205
157
239
56
176
217
128
254
2
10
39
131
254
3
14
54
171
224
107
248
25
92
235
73
208
151
245
36
125
254
2
11
42
141
251
15
57
177
214
135
253
6
23
86
228
95
238
62
188
196
179
212
140
251
13
51
163
234
76
213
138
252
10
40
136
253
7
30
105
246
30
108
248
24
88
230
87
229
92
234
74
209
148
247
29
102
244
39
131
254
3
14
55
172
223
111
250
18
67
197
177
214
134
253
5
22
81
221
117
252
8
34
118
253
7
29
104
246
33
114
251
12
47
155
242
48
155
241
49
160
237
64
192
188
196
178
212
140
251
12
47
155
242
47
154
242
47
153
243
43
143
250
18
68
200
170
224
106
247
29
104
246
33
115
252
11
42
141
251
14
55
173
220
117
252
8
31
110
249
19
73
207
153
244
41
138
252
9
37
129
254
2
10
40
135
253
6
26
95
238
62
187
198
175
218
126
254
2
10
39
134
253
5
21
79
217
126
254
2
10
39
132
253
4
16
60
184
203
164
232
82
222
113
251
14
53
169
227
98
240
53
167
228
93
236
69
202
166
230
86
228
94
236
66
196
179
211
142
250
16
61
187
198
175
218
123
254
3
13
49
159
238
62
187
197
178
213
137
252
9
34
120
253
5
22
81
221
117
252
9
35
121
253
4
18
67
197
178
214
136
252
8
31
109
249
22
80
219
121
253
4
19
71
204
160
237
65
193
185
201
168
228
94
237
66
195
182
207
153
243
43
144
249
19
73
207
153
243
42
140
251
12
46
152
244
38
130
254
3
12
46
150
246
34
118
253
7
30
106
247
29
103
245
36
123
254
3
13
51
164
232
81
220
118
253
7
29
104
246
33
116
252
10
39
132
253
4
16
61
185
200
169
226
102
244
40
136
252
8
31
109
249
23
84
225
104
245
34
120
253
5
22
83
224
108
248
24
87
229
92
234
74
210
147
248
26
93
236
69
202
166
230
89
231
85
227
98
241
51
162
234
74
210
146
248
23
85
226
101
243
43
143
250
17
64
192
188
195
182
207
153
243
43
143
250
17
64
193
187
198
175
218
123
254
3
13
52
166
230
88
229
90
232
82
221
114
251
12
48
156
241
50
161
236
69
202
166
230
86
228
94
237
65
193
186
200
171
223
108
248
24
86
228
94
237
64
192
188
195
182
207
154
243
44
147
248
26
95
238
63
189
193
186
200
171
224
106
247
29
103
245
35
123
254
3
14
55
173
221
114
251
12
46
152
244
40
137
252
8
32
113
251
14
55
173
221
116
252
10
38
129
254
2
11
43
144
249
20
76
213
138
252
9
36
123
254
3
14
53
167
228
94
236
67
197
177
216
131
254
3
14
54
170
224
105
246
30
108
248
24
88
230
87
229
91
233
77
215
133
253
4
19
71
204
161
236
68
199
173
220
118
252
8
30
108
248
24
88
230
87
229
90
232
80
220
119
253
6
24
88
230
89
231
84
225
104
246
33
115
251
11
45
148
247
28
100
243
45
149
247
30
107
248
26
95
238
62
189
195
182
206
156
241
51
164
233
79
218
124
254
3
12
47
155
242
47
155
242
48
156
240
53
168
227
97
239
56
176
216
129
254
2
10
41
138
252
9
36
124
254
3
12
46
150
245
34
120
253
5
22
83
223
109
249
22
83
223
109
249
23
84
225
103
245
35
123
254
3
14
55
174
220
119
253
6
26
94
237
65
193
185
202
167
229
90
233
78
216
129
254
2
10
41
139
252
11
44
147
248
25
92
235
71
205
160
237
64
191
189
194
185
202
166
230
87
229
92
235
72
207
153
243
42
140
251
13
51
163
233
78
216
130
254
2
11
44
146
248
24
87
229
92
234
74
210
145
249
23
83
224
108
248
25
90
232
81
221
116
252
10
40
135
253
6
26
93
236
69
201
168
228
94
237
65
195
183
206
157
240
56
174
219
121
253
5
19
72
207
153
243
42
141
251
13
52
166
230
87
229
90
233
78
217
128
254
2
10
40
135
253
6
25
93
235
70
203
163
234
76
213
138
252
9
37
127
254
2
10
38
130
254
3
12
46
151
245
36
123
254
3
13
49
158
239
59
181
209
150
246
33
115
252
10
40
137
252
8
32
113
251
15
56
176
216
129
254
2
10
41
137
252
8
33
115
252
10
41
137
252
9
35
121
253
5
20
73
208
150
246
34
118
253
7
28
101
244
41
139
251
11
45
148
247
28
100
243
45
149
246
31
110
249
20
74
211
145
249
21
78
217
128
254
2
10
39
134
253
5
20
76
212
140
251
12
47
153
243
44
145
249
22
80
220
119
253
6
25
91
234
76
214
136
253
7
29
104
246
34
118
253
7
29
105
246
32
113
251
14
53
168
228
96
238
59
182
206
156
240
53
168
228
94
237
66
195
181
207
153
244
41
138
252
9
37
128
254
2
10
39
132
254
3
15
58
179
212
141
251
13
52
166
230
87
229
92
234
73
209
149
246
31
110
249
19
72
207
155
242
47
155
242
48
156
241
51
163
234
74
211
144
249
20
75
211
143
250
17
66
196
180
210
147
248
27
96
239
58
180
210
145
249
22
80
219
121
253
4
17
66
195
181
208
152
244
41
137
252
9
34
120
253
5
22
80
220
120
253
5
22
80
220
120
253
5
22
82
222
114
251
13
51
164
232
81
220
117
252
8
31
110
249
19
73
208
151
245
37
126
254
2
10
39
131
254
3
14
55
172
222
112
250
16
60
184
203
163
233
77
215
132
254
3
15
58
179
212
141
251
14
55
174
220
119
253
6
25
90
232
80
219
121
253
4
19
70
203
164
233
79
218
123
254
3
13
51
164
233
79
218
125
254
2
10
40
136
253
7
28
100
243
45
148
247
30
106
247
28
102
244
40
135
253
6
26
94
237
65
194
183
205
159
237
63
190
191
190
191
189
194
184
204
162
235
71
206
157
240
55
173
220
118
253
7
30
106
247
28
101
243
42
140
251
13
50
162
235
72
206
157
240
54
170
225
105
246
32
114
251
13
50
160
237
66
196
180
210
146
248
24
87
229
92
235
72
207
154
243
44
147
247
27
96
239
57
177
215
132
254
3
15
58
179
212
142
250
16
60
183
205
158
239
59
182
206
155
241
50
161
236
67
198
176
217
127
254
2
10
38
130
254
3
11
45
149
246
30
108
248
24
88
230
87
229
92
235
73
208
151
245
36
124
254
3
12
45
149
246
32
113
251
14
55
174
220
119
253
6
25
91
234
75
212
140
251
12
48
157
240
54
171
224
107
248
27
96
239
58
180
210
146
248
25
89
232
82
222
113
251
14
55
173
221
116
252
9
37
126
254
2
10
39
132
253
4
16
61
187
198
175
218
124
254
2
11
44
147
248
26
93
236
67
198
175
218
123
254
3
13
50
161
236
67
198
175
217
126
254
2
10
38
131
254
3
14
54
171
224
107
247
27
99
241
50
161
236
68
199
172
222
112
250
16
61
185
201
168
227
96
239
57
176
216
130
254
2
11
44
146
248
25
90
233
79
218
124
254
3
12
48
156
241
52
165
231
85
226
100
243
45
148
247
28
102
244
39
134
253
5
21
78
217
128
254
2
10
38
131
254
3
13
49
158
239
59
180
209
148
247
30
105
246
31
109
249
22
82
223
110
249
19
72
206
156
241
52
166
230
89
232
82
222
111
250
17
65
194
184
204
161
235
70
203
163
234
75
211
144
249
19
73
208
152
244
40
135
253
6
24
86
228
94
237
66
196
180
211
145
249
21
77
215
131
254
3
14
54
171
223
109
249
22
80
219
121
253
4
17
66
196
180
210
145
249
22
80
219
122
253
4
16
62
188
196
179
211
142
250
16
62
188
196
180
210
147
248
25
91
234
74
211
145
249
21
79
217
126
254
2
10
38
131
254
3
13
49
160
237
64
193
186
199
173
221
116
252
10
39
133
253
5
19
72
206
157
240
54
170
225
103
245
37
127
254
2
10
38
130
254
3
12
46
152
244
40
135
253
6
26
94
236
67
197
178
214
136
253
7
29
103
245
36
124
254
3
12
46
152
244
40
135
253
6
24
88
231
86
227
96
239
59
181
209
148
247
30
106
247
28
100
242
46
152
244
39
133
253
4
18
66
197
178
213
139
252
10
41
139
252
11
42
140
251
13
50
161
236
68
200
171
224
107
248
27
96
239
57
177
214
135
253
6
26
93
236
69
202
166
230
86
228
94
237
66
195
181
209
150
246
33
116
252
9
38
129
254
2
11
43
143
250
17
66
195
181
209
150
246
33
115
252
11
44
145
249
22
82
223
111
250
18
69
201
169
227
98
241
50
161
236
69
202
166
230
87
228
93
236
67
198
176
217
127
254
2
10
38
130
254
2
11
44
147
248
26
95
238
61
185
201
168
227
97
240
54
171
223
110
249
21
77
215
134
253
5
20
75
212
140
251
13
51
164
232
81
220
118
253
7
29
103
245
36
125
254
2
10
41
137
252
8
33
116
252
10
38
130
254
3
12
46
152
244
41
137
252
8
33
117
252
8
34
117
252
8
32
113
251
15
57
178
213
137
252
8
33
115
252
11
43
143
250
18
68
200
171
223
109
249
22
80
220
120
253
5
22
82
222
112
250
16
62
189
194
183
205
158
239
59
181
209
150
246
33
115
252
10
41
138
252
10
39
131
254
3
14
54
171
223
109
249
21
78
217
127
254
2
10
38
130
254
3
12
46
150
246
34
118
253
7
30
105
247
30
107
248
26
95
238
62
189
194
183
205
159
238
61
187
198
174
219
121
253
4
18
67
197
176
216
130
254
2
11
44
146
248
24
89
231
83
224
108
248
24
88
230
86
228
94
237
64
191
190
192
188
196
179
212
141
251
14
53
168
227
97
240
54
171
223
110
249
20
74
210
147
248
27
96
239
58
180
211
145
249
21
78
217
127
254
2
10
38
130
254
2
11
44
147
247
27
97
240
54
172
223
110
249
19
72
207
154
242
46
150
246
34
118
253
7
28
100
243
44
146
248
25
91
234
76
213
138
252
9
37
128
254
2
10
39
133
253
4
17
65
194
184
204
161
235
70
204
162
235
73
208
152
244
40
135
253
6
23
85
226
99
242
47
154
243
45
149
246
31
110
249
20
75
211
142
250
17
63
190
192
187
197
176
216
131
254
3
13
52
165
231
86
227
98
240
53
168
228
95
238
60
184
202
165
231
85
226
102
244
41
138
252
9
36
123
254
3
14
53
167
228
93
236
69
202
167
229
91
233
77
215
132
253
4
15
59
181
208
150
245
35
122
253
4
16
62
188
195
181
208
152
244
38
131
254
3
13
50
162
235
72
207
155
242
47
154
242
46
152
244
38
130
254
3
12
48
157
240
54
169
226
102
244
40
136
253
7
30
106
247
29
103
245
37
128
254
2
10
39
133
253
4
19
70
203
163
234
75
212
140
251
13
49
159
238
60
184
203
163
233
77
215
132
254
3
15
56
175
218
124
254
2
11
44
145
249
22
83
223
109
249
21
79
217
126
254
2
10
39
132
253
4
16
62
188
196
180
210
145
249
22
82
222
114
251
13
49
160
237
64
191
189
193
186
199
173
221
115
252
10
41
137
252
9
34
120
253
5
23
84
225
105
246
32
111
250
17
64
192
187
198
175
218
125
254
2
11
42
142
251
15
58
179
212
140
251
13
51
163
234
76
214
137
252
8
32
112
250
16
63
189
194
183
204
160
236
67
197
178
213
138
252
9
37
126
254
2
10
38
131
254
3
13
51
163
234
75
212
140
251
13
51
164
232
80
220
119
253
6
26
95
238
63
189
193
186
200
171
224
107
248
26
94
237
65
194
183
204
161
235
70
203
164
232
81
220
117
252
8
32
113
251
14
54
169
226
101
244
41
138
252
9
37
128
254
2
10
38
131
254
3
14
54
169
226
101
244
41
138
252
10
39
134
253
5
21
79
217
126
254
2
10
39
132
253
4
16
62
189
194
183
204
160
237
66
195
182
206
155
241
50
160
237
66
195
182
206
155
241
49
159
238
60
184
203
164
232
82
222
113
251
14
54
170
224
106
247
29
105
246
32
112
250
17
63
190
191
190
192
188
196
179
211
143
250
19
70
203
164
233
79
218
123
254
3
13
52
165
232
83
224
108
248
24
87
229
90
232
80
220
118
253
7
27
97
240
55
174
220
119
253
6
26
95
238
62
188
196
180
209
147
247
27
98
241
52
166
230
88
230
89
231
84
225
104
245
35
122
253
4
16
62
188
195
181
208
151
245
37
126
